64
64
64
64
64
64
64
64
66
66
66
66
66
66
66
66
64
64
64
64
64
64
64
64
78
78
78
78
78
78
78
78
78
78
78
78
78
78
78
78
78
78
78
78
78
78
78
78
78
78
78
78
78
78
78
78
80
80
80
80
80
80
80
80
80
80
80
80
80
80
80
80
80
80
80
80
80
80
80
80
80
80
80
80
80
80
80
80
78
78
78
78
78
78
78
78
78
78
78
78
78
78
78
78
78
78
78
78
78
78
78
78
78
78
78
78
78
78
78
78
76
76
76
76
78
78
78
78
76
76
76
76
76
76
76
76
78
78
78
78
76
76
76
76
76
76
76
76
78
78
78
78
76
76
76
76
76
76
76
76
78
78
78
78
76
76
76
76
78
78
78
78
80
80
80
80
78
78
78
78
78
78
78
78
80
80
80
80
78
78
78
78
78
78
78
78
80
80
80
80
78
78
78
78
78
78
78
78
80
80
80
80
78
78
78
78
76
76
76
76
78
78
78
78
76
76
76
76
76
76
76
76
78
78
78
78
76
76
76
76
76
76
76
76
78
78
78
78
76
76
76
76
76
76
76
76
78
78
78
78
76
76
76
76
70
70
70
70
70
70
70
70
70
70
70
70
70
70
70
70
82
82
82
82
84
84
84
84
82
82
82
82
82
82
82
82
84
84
84
84
82
82
82
82
82
82
82
82
84
84
84
84
82
82
82
82
82
82
82
82
84
84
84
84
82
82
82
82
82
82
82
82
84
84
84
84
82
82
82
82
82
82
82
82
84
84
84
84
82
82
82
82
82
82
82
82
84
84
84
84
82
82
82
82
82
82
82
82
84
84
84
84
82
82
82
82
68
68
68
68
70
70
70
70
68
68
68
68
68
68
68
68
70
70
70
70
68
68
68
68
